30 30
35
O 16 8 0 4 4 0
O 7 3 0 4 4 0
W 26 14 0 9 5 0
W 9 20 0 9 5 0
W 20 13 0 9 5 0
Z 22 8 0 2 1 0
Z 17 11 0 2 1 0
Z 12 4 0 2 1 0
Z 4 2 0 2 1 0
Z 1 15 0 2 1 0
L 6 24 0 3 7 0
L 9 22 0 3 7 0
L 22 27 0 3 7 0
A 18 23 0 4 4 0
A 8 22 0 4 4 0
A 7 10 0 4 4 0
A 27 13 0 4 4 0
t 25 11 0 0 0 0
t 11 13 0 0 0 0
t 12 5 0 0 0 0
t 10 6 0 0 0 0
m 12 9 0 0 0 0
m 19 1 0 0 0 0
g 4 3 0 0 0 0
g 10 5 0 0 0 0
g 8 5 0 0 0 0
g 23 8 0 0 0 0
w 10 9 0 99 0 0
w 9 9 0 99 0 0
b 21 10 0 10 0 0
b 24 18 0 10 0 0
b 7 21 0 10 0 0
b 17 1 0 10 0 0
O 21 24 0 4 4 0
C 25 25 0 5 4 0
